section#	ID

6	70503352
5	936313317
7	950538210
3	951542015
7	951646866
4	951910626
4	951955804
7	952051933
4	952201486
6	952341944
5	954137987
8	954164159
7	954377423
3	955617537
6	955680886
8	955750501
3	955901989
4	956256868
4	956294174
4	956721901
7	957141291
3	957755911
8	958121467
7	958205385
7	958235532
3	958375743
5	958788898
7	958961935
3	959911321
3	960245990
8	960399565
4	960514483
6	960541150
5	960824920
8	961201338
3	961277619
8	961591506
8	961851098
8	962258231
6	962259007
8	963259547
5	963278471
5	963323702
6	963996557
4	964152012
6	964263327
7	964643160
5	964879836
7	964900673
8	964922817
4	964930397
5	966203999
8	966317087
5	966346721
7	967235302
4	967748808
8	968276390
5	968634339
8	969101293
3	969692313
4	969834216
4	970301317
4	970346291
4	970532483
8	970581155
5	971088212
7	971328856
6	971586621
3	971755047
4	972130283
6	972139735
7	972386792
5	972500103
5	972748869
3	973144588
8	973376895
6	973727493
3	973977888
5	974263088
4	974546412
7	975192441
8	975999540
6	976083376
6	976390187
7	976502022
7	976891168
6	977008429
6	977097517
4	977780860
8	977906330
6	977973555
5	979193370
7	979956251
6	980346989
5	980513031
4	982013910
3	982136503
3	982670700
3	983507442
8	984013065
8	984156761
8	984311885
3	984328090
8	984355212
7	984674970
4	984783867
5	984785152
7	984911373
6	985124741
3	985253733
8	985262741
7	985381335
3	985490948
3	985545987
4	986658463
5	986791393
6	987282433
7	987355212
3	987602700
4	988194058
5	988621593
5	989087191
3	989743479
3	990385345
5	990991916
6	991066861
5	991105717
7	991147921
3	991225347
3	991719024
5	992779409
8	993487741
5	993704909
3	993835005
4	993835439
5	994158807
6	994565365
4	995261802
4	995378505
4	995510927
7	995918843
6	997009871
6	997019301
8	997172587
8	997351840
6	997978929
7	998225567
8	998880631
6	998920008
8	999609992
5	9980622484
4	A01585663
5	A01612517
8	B20102485
3	jhuhn@dsg
5	jhung
3	jkim@clinquery
4	jwbooth
3	manol@ai
7	mdierks@clinquery
7	roys@clinquery